1737981656081 312.8187255859375 0
1737981661459 287.3533630371094 1
1737981666135 270.8625793457031 2
1737981670735 259.39111328125 3
1737981675279 251.00498962402344 4
1737981679760 245.07716369628906 5
1737981684280 240.77845764160156 6
1737981688773 237.63783264160156 7
1737981693136 235.33277893066406 8
1737981697551 233.6352996826172 9
1737981701940 232.38185119628906 10
1737981706322 231.4541473388672 11
1737981710689 230.76620483398438 12
1737981715099 230.2552490234375 13
1737981719475 229.8752899169922 14
1737981723869 229.59239196777344 15
1737981728742 229.38160705566406 16
1737981733553 229.22445678710938 17
1737981738536 229.10720825195312 18
1737981743127 229.0196990966797 19
1737981747494 228.95437622070312 20
1737981751892 228.90560913085938 21
1737981756329 228.86915588378906 22
1737981760769 228.84190368652344 23
1737981765154 228.82154846191406 24
1737981769544 228.8063201904297 25
1737981773929 228.79493713378906 26
1737981782097 228.78643798828125 27
1737981787663 228.78009033203125 28
1737981792967 228.7753448486328 29
1737981797563 228.77178955078125 30
1737981802215 228.76914978027344 31
1737981806597 228.76719665527344 32
1737981810987 228.7657470703125 33
1737981816834 228.7646942138672 34
1737981821234 228.763916015625 35
1737981825716 228.7633514404297 36
1737981830228 228.762939453125 37
1737981834659 228.76266479492188 38
1737981839009 228.76243591308594 39
1737981843525 228.7622833251953 40
1737981848007 228.76220703125 41
1737981852608 220.50491333007812 42
1737981857580 221.63954162597656 43
1737981864349 210.71170043945312 44
1737981869377 204.00726318359375 45
1737981875974 200.2516326904297 46
1737981881580 197.93341064453125 47
1737981886511 195.15701293945312 48
1737981893006 194.0166473388672 49
1737981899260 192.38412475585938 50
1737981904499 191.67002868652344 51
1737981910182 191.28916931152344 52
1737981917328 191.13534545898438 53
1737981923228 191.2174530029297 54
1737981928752 190.41293334960938 55
1737981933301 188.9355926513672 56
1737981937923 185.3135528564453 57
1737981943672 175.68890380859375 58
1737981948374 163.86260986328125 59
1737981953505 157.9276123046875 60
1737981959922 152.2478485107422 61
1737981966130 146.3734130859375 62
1737981970836 140.7308349609375 63
1737981975558 135.10227966308594 64
1737981980751 130.09298706054688 65
1737981986122 124.99760437011719 66
1737981990814 119.46451568603516 67
1737981995617 114.65265655517578 68
1737982001375 110.19693756103516 69
1737982007813 105.52326202392578 70
1737982012416 101.21595764160156 71
1737982017768 95.7942886352539 72
1737982023282 91.63765716552734 73
1737982027833 87.5074462890625 74
1737982033070 82.43621826171875 75
1737982039118 75.38893127441406 76
1737982044363 70.7673568725586 77
1737982049330 66.31248474121094 78
1737982054046 62.71453857421875 79
1737982058611 59.482173919677734 80
1737982063147 55.920623779296875 81
1737982068640 52.81768035888672 82
1737982073160 49.967384338378906 83
1737982077711 47.45573806762695 84
1737982082874 45.33900833129883 85
1737982087409 43.269596099853516 86
1737982091973 41.28139114379883 87
1737982097905 39.497764587402344 88
1737982102561 37.94831848144531 89
1737982107188 35.34244155883789 90
1737982112759 33.57682418823242 91
1737982117430 32.22568130493164 92
1737982123191 30.91579818725586 93
1737982127976 29.763904571533203 94
1737982134148 28.767616271972656 95
1737982138876 27.78945541381836 96
1737982143647 26.966045379638672 97
1737982150458 26.05707359313965 98
1737982155842 25.292314529418945 99
1737982161560 24.543413162231445 100
1737982168396 23.87126922607422 101
1737982173235 23.26814079284668 102
1737982177840 22.68195915222168 103
1737982183266 22.131145477294922 104
1737982187864 21.682825088500977 105
1737982192481 21.250102996826172 106
1737982197722 20.871185302734375 107
1737982202321 20.483198165893555 108
1737982206872 20.157089233398438 109
1737982212338 19.794912338256836 110
1737982216919 19.480409622192383 111
1737982221605 19.19241714477539 112
1737982226879 18.883207321166992 113
1737982231447 18.60236930847168 114
1737982236061 18.41720962524414 115
1737982241292 18.16059684753418 116
1737982246103 17.93535041809082 117
1737982252170 17.632627487182617 118
1737982258241 17.56930923461914 119
1737982264658 17.36632537841797 120
1737982270372 17.25848388671875 121
1737982275074 16.972978591918945 122
1737982279665 16.98495864868164 123
1737982284575 16.328725814819336 124
1737982291278 16.393747329711914 125
1737982296698 16.22725486755371 126
1737982301727 16.084915161132812 127
1737982307160 16.024442672729492 128
1737982311578 16.210407257080078 129
1737982316011 15.989195823669434 130
1737982321728 15.59477424621582 131
1737982327170 15.2893705368042 132
1737982331989 15.501802444458008 133
1737982336335 15.389899253845215 134
1737982340693 14.719961166381836 135
1737982346172 15.138020515441895 136
1737982350489 14.555420875549316 137
1737982354864 14.690804481506348 138
1737982359526 14.445121765136719 139
1737982364055 14.158181190490723 140
1737982368499 14.181478500366211 141
1737982374140 14.885581970214844 142
1737982378788 14.44415283203125 143
1737982383408 14.34460735321045 144
1737982387948 14.321114540100098 145
1737982392467 13.810701370239258 146
1737982397188 13.553017616271973 147
1737982401811 13.413537979125977 148
1737982407119 13.189199447631836 149
1737982412790 13.218311309814453 150
1737982418766 13.471497535705566 151
1737982423769 12.97343635559082 152
1737982428320 12.66506576538086 153
1737982432862 12.563689231872559 154
1737982438013 12.47895336151123 155
1737982443079 12.368865013122559 156
1737982447953 12.370180130004883 157
1737982452332 12.392607688903809 158
1737982458095 12.474275588989258 159
1737982462717 12.219676971435547 160
1737982467312 12.092611312866211 161
1737982473866 12.199793815612793 162
1737982479307 11.910246849060059 163
1737982484467 11.833328247070312 164
1737982488909 11.788156509399414 165
1737982493328 11.793609619140625 166
1737982497761 11.667819023132324 167
1737982502222 11.630146026611328 168
1737982506628 11.550138473510742 169
1737982511029 11.532772064208984 170
1737982515435 11.48613166809082 171
1737982519825 11.435123443603516 172
1737982524198 11.362017631530762 173
1737982528759 11.36019515991211 174
1737982533693 11.326372146606445 175
1737982538090 11.291144371032715 176
1737982543437 11.34276008605957 177
1737982548742 11.14264965057373 178
1737982555154 11.338204383850098 179
1737982559853 11.116864204406738 180
1737982564462 11.045024871826172 181
1737982569408 10.951786994934082 182
1737982573826 10.990694046020508 183
1737982578846 10.899991035461426 184
1737982583686 10.879114151000977 185
1737982588843 10.887323379516602 186
1737982593287 10.832298278808594 187
1737982597667 10.906307220458984 188
1737982602506 10.769509315490723 189
1737982606981 10.772055625915527 190
1737982611477 10.79810619354248 191
1737982616355 10.83958625793457 192
1737982620967 10.373620986938477 193
1737982625440 10.790385246276855 194
1737982630762 10.901345252990723 195
1737982635259 10.917009353637695 196
1737982639679 10.862382888793945 197
1737982644033 10.835732460021973 198
1737982648707 10.831132888793945 199
1737982653191 10.852478981018066 200
1737982658452 10.78203010559082 201
1737982663152 10.794727325439453 202
1737982668469 10.771767616271973 203
1737982673639 10.838241577148438 204
1737982679339 10.148945808410645 205
1737982683796 11.312620162963867 206
1737982688192 10.768485069274902 207
1737982692583 10.84421443939209 208
1737982696989 10.55278205871582 209
1737982701385 10.777506828308105 210
1737982705750 10.850804328918457 211
1737982711121 10.730402946472168 212
1737982716291 10.762479782104492 213
1737982721391 10.735262870788574 214
1737982725983 10.717021942138672 215
1737982731018 10.638169288635254 216
1737982735450 10.70333194732666 217
1737982739868 10.667409896850586 218
1737982744384 10.711874008178711 219
1737982748796 10.773797988891602 220
1737982753341 10.52731704711914 221
1737982757798 10.826929092407227 222
1737982762211 10.683148384094238 223
1737982766588 10.641803741455078 224
1737982770994 10.703479766845703 225
1737982775360 10.75466251373291 226
1737982780084 10.877203941345215 227
1737982785741 10.711390495300293 228
1737982791025 10.739907264709473 229
1737982796712 10.491451263427734 230
1737982803115 10.780426025390625 231
1737982807524 10.738954544067383 232
1737982812101 10.873832702636719 233
1737982817179 10.728290557861328 234
1737982821560 10.813702583312988 235
1737982825940 10.682812690734863 236
1737982830393 10.74411678314209 237
1737982834856 10.743111610412598 238
1737982839343 10.703441619873047 239
1737982843911 9.952919960021973 240
1737982848694 10.141040802001953 241
1737982853155 10.531445503234863 242
1737982857871 10.689530372619629 243
1737982863567 10.64421558380127 244
1737982868316 10.637728691101074 245
1737982873225 10.596647262573242 246
1737982877648 10.641663551330566 247
1737982882135 10.604769706726074 248
1737982886516 10.601771354675293 249
1737982890968 10.703898429870605 250
1737982895349 10.835813522338867 251
1737982899749 10.782937049865723 252
1737982904355 10.767863273620605 253
1737982909247 10.835102081298828 254
1737982913673 10.861517906188965 255
1737982918813 10.761454582214355 256
1737982924047 10.705477714538574 257
1737982928459 10.659994125366211 258
1737982932882 10.64896297454834 259
1737982937254 10.822094917297363 260
1737982941630 10.676292419433594 261
1737982946018 10.781412124633789 262
1737982950408 10.651347160339355 263
1737982954838 10.636457443237305 264
1737982959240 10.695152282714844 265
1737982963649 10.710515022277832 266
1737982968087 10.707209587097168 267
1737982972573 10.223628997802734 268
1737982977113 10.709202766418457 269
1737982981517 10.705259323120117 270
1737982985910 10.697351455688477 271
1737982990293 10.700594902038574 272
1737982994711 10.628442764282227 273
1737982999119 10.651009559631348 274
1737983004140 10.544532775878906 275
1737983009038 10.691093444824219 276
1737983014809 10.82409954071045 277
1737983020030 10.705510139465332 278
1737983024453 10.684672355651855 279
1737983029002 9.895486831665039 280
1737983033931 10.51448917388916 281
1737983038505 10.594655990600586 282
1737983043579 10.611641883850098 283
1737983048649 10.580554962158203 284
1737983053063 10.613469123840332 285
1737983057451 10.5814847946167 286
1737983061829 10.870490074157715 287
1737983066253 10.679780006408691 288
1737983071225 10.574417114257812 289
1737983075753 10.138651847839355 290
1737983081228 10.573808670043945 291
1737983085597 10.632068634033203 292
1737983090039 10.532023429870605 293
1737983094536 10.334538459777832 294
1737983099202 10.553292274475098 295
1737983104383 10.60364818572998 296
1737983109690 10.77513313293457 297
1737983115440 10.606913566589355 298
1737983120596 10.656087875366211 299
